mae: 2.666745303030303
rmse: 3.377584413475334
r2: 0.9344033220572282
n_train: 1760
n_test: 440
